Kernel: DWT_DB16
Elements: 8032

Core  Cycles     IPC      FLOPs/cyc 
0     139628     0.316    0.4529    
1     141667     0.316    0.4536    
2     141717     0.316    0.4534    
3     141718     0.316    0.4534    
4     141711     0.316    0.4534    
5     141711     0.316    0.4534    
6     141705     0.316    0.4534    
7     141705     0.316    0.4534    

Cluster average:
Cycles      : 141445.25
IPC         : 0.316
FLOPs/cycle : 0.4534


DWT_DB16,8032,0,139628,0.3163,0.45286045778783623
DWT_DB16,8032,1,141667,0.3156,0.4535706974807118
DWT_DB16,8032,2,141717,0.3155,0.4534106705617533
DWT_DB16,8032,3,141718,0.3155,0.4534074711751507
DWT_DB16,8032,4,141711,0.3155,0.4534298678295969
DWT_DB16,8032,5,141711,0.3155,0.4534298678295969
DWT_DB16,8032,6,141705,0.3155,0.45344906672312196
DWT_DB16,8032,7,141705,0.3155,0.45344906672312196